1 КОТЯ 0,3
2 ПИПИК 0,4
3 RTY 0,7000001
4 UNNAMED 0,8000001
5 UNNAMED 0,8500001
6 UNNAMED 0,8500001
7 UNNAMED 1,05
8 ЗЗЗЗЗ 1,25
9 A 1,799999
10 UNNAMED 1,899999
11 UNNAMED 1,999999
12 ТАПОК 1,999999
13 UNNAMED 2,049999
14 QWE 2,249999
15 UNNAMED 2,549999
16 D3 3,199998
17 UNNAMED 3,499998
18 UNNAMED 3,599998
19 ROMA 3,749998
20 UNNAMED 3,799998
21 D2 4,299998
22 IGOR 4,299998
23 EGORKA 4,399999
24 UNNAMED 4,499999
25 D1 5,250002
26 UNNAMED 7,700011
27 ЪЪЪЪЪЪ 20,29998
28 КОШКА 20,34998
29 ТЕСТ 20,34998
30 ХИРОКЭТ 23,89992
31 КОТ 31,8998
32 КОТЯРА 34,84975
33 КОТ 48,29955
34 UNNAMED 56,54942
35 ЙЦУЙУЦЙЦУ 61,34935
36 ИЛЬЯ 79,75027
37 БЕГЕМОТ 190,207
38 ЕГОР 227,7593
